3969	3947
3797	3775
3122	3100
3249	3227
3130	3108
3883	3861
2832	2810
3579	3557
3763	3741
4295	4273
3518	3496
3285	3263
3811	3789
3211	3189
4182	4160
2974	2952
4220	4198
3851	3829
2699	2677
3566	3544
3449	3427
2713	2691
2714	2692
4214	4192
3371	3349
3391	3369
2698	2676
2960	2938
3572	3550
4160	4138
3756	3734
3397	3375
4273	4251
3633	3611
4087	4065
3505	3483
3121	3099
4155	4133
3526	3504
2901	2879
2859	2837
3282	3260
3262	3240
2892	2870
3821	3799
2708	2686
4163	4141
2936	2914
3227	3205
3026	3004
2614	2599
3587	3565
3486	3464
2927	2905
2975	2953
3086	3064
2772	2750
3000	2978
4075	4053
4289	4267
746	745
745	746
2889	2867
3370	3348
3308	3286
3744	3722
2957	2935
4239	4217
3621	3599
2669	2647
3947	3925
3159	3137
3286	3264
4221	4199
3540	3518
4286	4264
3024	3002
3996	3974
4129	4107
3161	3139
3833	3811
2600	2585
3469	3447
3314	3292
2608	2593
2629	2607
3948	3926
3812	3790
2946	2924
3442	3420
3062	3040
2724	2702
3460	3438
3112	3090
3523	3501
3576	3554
2900	2878
4032	4010
3345	3323
4017	3995
4016	3994
4227	4205
2932	2910
3474	3452
2890	2868
2618	2603
4018	3996
4302	4280
3586	3564
3340	3318
3328	3306
3906	3884
2840	2818
3541	3519
3251	3229
2873	2851
3160	3138
3907	3885
2798	2776
4287	4265
3834	3812
3134	3112
2917	2895
4288	4266
3432	3410
3179	3157
3034	3012
3513	3491
3613	3591
3115	3093
3042	3020
3963	3941
2709	2687
3120	3098
3696	3674
3733	3711
3737	3715
4084	4062
3853	3831
3162	3140
3163	3141
4025	4003
2849	2827
4236	4214
3402	3380
2995	2973
2670	2648
3636	3614
3719	3697
2929	2907
2930	2908
3426	3404
2836	2814
3003	2981
3632	3610
3019	2997
3912	3890
3022	3000
4308	4286
2807	2785
3606	3584
3217	3195
2711	2689
3987	3965
4058	4036
2811	2789
4035	4013
4029	4007
3048	3026
3909	3887
3193	3171
2771	2749
4078	4056
4202	4180
3151	3129
2668	2646
3466	3444
3509	3487
3935	3913
3898	3876
3117	3095
3390	3368
3250	3228
4218	4196
3614	3592
4296	4274
2606	2591
3299	3277
2662	2640
2785	2763
4113	4091
3575	3553
2976	2954
4079	4057
4088	4066
4010	3988
4215	4193
2988	2966
3545	3523
3068	3046
3332	3310
3011	2989
3747	3725
2926	2904
3173	3151
4179	4157
2592	2577
3824	3802
4167	4145
3663	3640
3093	3071
3666	3644
3132	3110
3625	3603
3431	3409
3620	3598
2784	2762
4305	4283
3348	3326
3967	3945
3622	3600
4195	4173
2846	2824
3807	3785
4120	4098
3133	3111
4278	4256
3296	3274
3349	3327
3248	3226
3114	3092
3483	3461
3309	3287
2812	2790
4094	4072
3046	3024
3425	3403
2700	2678
4177	4155
4290	4268
2634	2612
2632	2610
3689	3667
3866	3844
2762	2740
4037	4015
3681	3659
2950	2929
3279	3257
3609	3587
3470	3448
3158	3136
3631	3609
3330	3308
3944	3922
3924	3902
2944	2922
3016	2994
2787	2765
4150	4128
2656	2634
3313	3291
4090	4068
2646	2624
3421	3399
3263	3241
3476	3454
3382	3360
3798	3776
3127	3105
2839	2817
3201	3179
2815	2793
3660	3638
3896	3874
3691	3669
2805	2783
3153	3131
4152	4130
2989	2967
3413	3391
3297	3275
3933	3911
3182	3160
2598	2583
3231	3209
4024	4002
4149	4127
3832	3810
3164	3142
4085	4063
3562	3540
4082	4060
3657	3635
3672	3650
3258	3236
3869	3847
2881	2859
3036	3014
3596	3574
2877	2855
2770	2748
4057	4035
4154	4132
3717	3695
3045	3023
2824	2802
2701	2679
2597	2582
2718	2696
3260	3238
2695	2673
3602	3580
2876	2854
3746	3724
3591	3569
3111	3089
3766	3744
3010	2988
2914	2892
4200	4179
4201	4178
3148	3126
3415	3393
3616	3594
3124	3102
2919	2897
3919	3897
2942	2920
3416	3394
3076	3054
3078	3056
2868	2846
2931	2909
2638	2616
3298	3276
3481	3459
4265	4243
3569	3547
3473	3451
2853	2831
2745	2723
3325	3303
4272	4250
2817	2795
3659	3637
2911	2889
3806	3784
3041	3019
4192	4170
4102	4080
4072	4050
3012	2990
4176	4154
2721	2699
2878	2856
3873	3851
4279	4257
3002	2980
4033	4011
3204	3182
2954	2932
4257	4235
3942	3920
3515	3493
3247	3225
3181	3159
3745	3723
2973	2951
2754	2732
2664	2642
3688	3666
3684	3662
2671	2649
3257	3235
3553	3531
4144	4122
3172	3150
4111	4089
4091	4069
2688	2666
3556	3534
3986	3964
3110	3088
3549	3527
2809	2787
3214	3192
3377	3355
2956	2934
4142	4120
3098	3076
3126	3104
3187	3165
3284	3262
3611	3589
3738	3716
4256	4234
3118	3096
3837	3815
3077	3055
3040	3018
3125	3103
3252	3230
3333	3311
4056	4034
3096	3074
3981	3959
2344	2345
3369	3347
2345	2344
3089	3067
3702	3680
3035	3013
3905	3883
2734	2712
4159	4137
3004	2982
2674	2652
3259	3237
3516	3494
2999	2977
2940	2918
2852	2830
3215	3193
2663	2641
3543	3521
4264	4242
3718	3696
3376	3354
4139	4117
4260	4238
3804	3782
3803	3781
4095	4073
3453	3431
2757	2735
2615	2600
3241	3219
3293	3271
3240	3218
3136	3114
2659	2637
3379	3357
4252	4230
3188	3166
4172	4150
3847	3825
3767	3745
4041	4019
2826	2804
3512	3490
3135	3113
4165	4143
3979	3957
3884	3862
4086	4064
3072	3050
2970	2948
3498	3476
4027	4005
3627	3605
4226	4204
3380	3358
2761	2739
4083	4061
4191	4169
2760	2738
3461	3439
3192	3170
4039	4017
4188	4166
3430	3408
3617	3595
2941	2919
3880	3858
4034	4012
2875	2853
2766	2744
4240	4218
2902	2880
3560	3538
2722	2700
4092	4070
3295	3273
3496	3474
2913	2891
3612	3590
2834	2812
3044	3022
3706	3684
2635	2613
2703	2681
3829	3807
3100	3078
3101	3079
3128	3106
3129	3107
3671	3649
3667	3645
3920	3898
3705	3683
3628	3606
4008	3986
3038	3016
3720	3698
2613	2598
2870	2848
3104	3082
3714	3692
2739	2717
3564	3542
2687	2665
2657	2635
3638	3616
2720	2698
3810	3788
3517	3495
3341	3319
2782	2760
4309	4287
4031	4009
2905	2883
4121	4099
3589	3567
3261	3239
3522	3500
3629	3607
2918	2896
3524	3502
3857	3835
3245	3223
3403	3381
3088	3066
4196	4174
3032	3010
4169	4147
3571	3549
3029	3007
2667	2645
2768	2746
3439	3417
2961	2939
4297	4275
3189	3167
3398	3376
3527	3505
2848	2826
3830	3808
3216	3194
3525	3503
2827	2805
2912	2890
3123	3101
3957	3935
3750	3728
2799	2777
3166	3144
3464	3442
4219	4197
3695	3673
3366	3344
2767	2745
3900	3878
3468	3446
3013	2991
3205	3183
3557	3535
2916	2894
2797	2775
2994	2972
3149	3127
3500	3478
4028	4006
4306	4284
4076	4054
2847	2825
3835	3813
2660	2638
2788	2766
3144	3122
3043	3021
3311	3289
3639	3617
3799	3777
4153	4131
2851	2829
2658	2636
3021	2999
3934	3912
3966	3944
2821	2799
4168	4146
4006	3984
3347	3325
3980	3958
2645	2623
2732	2710
3546	3524
3683	3661
3440	3418
2891	2869
4116	4094
3147	3125
3342	3320
3855	3833
4049	4027
2945	2923
4198	4176
3092	3070
4103	4081
3510	3488
3902	3880
3119	3097
3741	3719
3682	3660
4274	4252
3802	3780
3097	3075
3480	3458
3630	3608
2937	2915
3359	3337
4170	4148
2841	2819
3908	3886
4107	4085
3670	3648
4180	4158
3597	3575
4093	4071
4237	4215
3722	3700
3879	3857
3641	3619
